1111111010111110001111111
1000001001101100101000001
1011101000101111001011101
1011101000000100101011101
1011101001010000101011101
1000001000111010001000001
1111111010101010101111111
0000000010101111100000000
1101101001111001001000001
0000010011000111000111110
0010011100110101010011001
0001010011100000001111111
0000101111010001001100001
1110100000011111100010010
1111001000100001001011111
1001010011000001010010101
1011101100110100111110110
0000000010000100100010010
1111111001010000101011001
1000001000011101100010011
1011101011001011111111010
1011101011010110111001011
1011101001010000010110111
1000001011000011010110111
1111111011001010100001001